Iteration: 1
30.300049751243783 0.697
30.100049751243784 0.699
30.600049751243784 0.694
30.000049751243782 0.7
30.100049751243784 0.699
30.500049751243782 0.695
30.100049751243784 0.699
30.000049751243782 0.7
30.600049751243784 0.694
29.000049751243782 0.71
28.800049751243783 0.712
30.600049751243784 0.694
30.000049751243782 0.7
30.70004975124378 0.693
29.500049751243782 0.705
29.70004975124378 0.703
30.000049751243782 0.7
30.100049751243784 0.699
29.600049751243784 0.704
30.300049751243783 0.697
30.000049751243782 0.7
31.70004975124378 0.683
29.800049751243783 0.702
30.800049751243783 0.692
29.600049751243784 0.704
29.000049751243782 0.71
31.000049751243782 0.69
30.20004975124378 0.698
28.800049751243783 0.712
29.40004975124378 0.706
31.20004975124378 0.688
30.40004975124378 0.696
29.800049751243783 0.702
30.300049751243783 0.697
30.70004975124378 0.693
29.90004975124378 0.701
29.600049751243784 0.704
29.90004975124378 0.701
30.100049751243784 0.699
30.20004975124378 0.698
29.40004975124378 0.706
29.70004975124378 0.703
30.100049751243784 0.699
30.70004975124378 0.693
29.70004975124378 0.703
30.300049751243783 0.697
29.90004975124378 0.701
30.000049751243782 0.7
29.800049751243783 0.702
30.100049751243784 0.699
29.300049751243783 0.707
29.500049751243782 0.705
31.100049751243784 0.689
30.000049751243782 0.7
29.90004975124378 0.701
29.800049751243783 0.702
30.000049751243782 0.7
30.70004975124378 0.693
29.800049751243783 0.702
30.100049751243784 0.699
30.20004975124378 0.698
29.800049751243783 0.702
30.90004975124378 0.691
29.90004975124378 0.701
29.40004975124378 0.706
29.70004975124378 0.703
29.70004975124378 0.703
30.000049751243782 0.7
30.70004975124378 0.693
30.40004975124378 0.696
30.300049751243783 0.697
30.100049751243784 0.699
30.100049751243784 0.699
30.500049751243782 0.695
29.800049751243783 0.702
30.600049751243784 0.694
30.100049751243784 0.699
29.600049751243784 0.704
30.40004975124378 0.696
30.000049751243782 0.7
30.40004975124378 0.696
30.000049751243782 0.7
29.70004975124378 0.703
30.100049751243784 0.699
30.100049751243784 0.699
29.40004975124378 0.706
29.600049751243784 0.704
29.90004975124378 0.701
30.000049751243782 0.7
29.70004975124378 0.703
30.20004975124378 0.698
30.100049751243784 0.699
30.20004975124378 0.698
29.300049751243783 0.707
29.90004975124378 0.701
29.70004975124378 0.703
30.40004975124378 0.696
29.70004975124378 0.703
30.70004975124378 0.693
29.300049751243783 0.707

Iteration: 2
30.300049751243783 0.697
30.100049751243784 0.699
30.600049751243784 0.694
30.000049751243782 0.7
30.100049751243784 0.699
30.500049751243782 0.695
30.100049751243784 0.699
30.000049751243782 0.7
30.600049751243784 0.694
29.000049751243782 0.71
31.40004975124378 0.686
30.600049751243784 0.694
30.000049751243782 0.7
30.70004975124378 0.693
29.500049751243782 0.705
29.70004975124378 0.703
30.000049751243782 0.7
30.100049751243784 0.699
29.600049751243784 0.704
30.300049751243783 0.697
30.000049751243782 0.7
31.70004975124378 0.683
29.800049751243783 0.702
30.800049751243783 0.692
29.600049751243784 0.704
29.000049751243782 0.71
31.000049751243782 0.69
30.20004975124378 0.698
28.800049751243783 0.712
29.40004975124378 0.706
31.20004975124378 0.688
30.40004975124378 0.696
29.800049751243783 0.702
30.300049751243783 0.697
30.70004975124378 0.693
29.90004975124378 0.701
29.600049751243784 0.704
29.90004975124378 0.701
30.100049751243784 0.699
30.20004975124378 0.698
29.40004975124378 0.706
29.70004975124378 0.703
30.100049751243784 0.699
30.70004975124378 0.693
29.70004975124378 0.703
30.300049751243783 0.697
29.90004975124378 0.701
30.000049751243782 0.7
29.800049751243783 0.702
30.100049751243784 0.699
29.300049751243783 0.707
29.500049751243782 0.705
31.100049751243784 0.689
30.000049751243782 0.7
29.90004975124378 0.701
29.800049751243783 0.702
30.000049751243782 0.7
30.70004975124378 0.693
29.800049751243783 0.702
30.100049751243784 0.699
30.20004975124378 0.698
29.800049751243783 0.702
30.90004975124378 0.691
29.90004975124378 0.701
29.40004975124378 0.706
29.70004975124378 0.703
29.70004975124378 0.703
30.000049751243782 0.7
30.70004975124378 0.693
30.40004975124378 0.696
30.300049751243783 0.697
30.100049751243784 0.699
30.100049751243784 0.699
30.500049751243782 0.695
29.800049751243783 0.702
30.600049751243784 0.694
30.100049751243784 0.699
29.600049751243784 0.704
30.40004975124378 0.696
30.000049751243782 0.7
30.40004975124378 0.696
30.000049751243782 0.7
29.70004975124378 0.703
30.100049751243784 0.699
30.100049751243784 0.699
29.40004975124378 0.706
29.600049751243784 0.704
29.90004975124378 0.701
30.000049751243782 0.7
29.70004975124378 0.703
30.20004975124378 0.698
30.100049751243784 0.699
30.20004975124378 0.698
29.300049751243783 0.707
29.90004975124378 0.701
29.70004975124378 0.703
30.40004975124378 0.696
29.70004975124378 0.703
30.70004975124378 0.693
29.300049751243783 0.707

Iteration: 3
30.300049751243783 0.697
30.100049751243784 0.699
30.600049751243784 0.694
30.000049751243782 0.7
30.100049751243784 0.699
30.500049751243782 0.695
30.100049751243784 0.699
30.000049751243782 0.7
30.600049751243784 0.694
29.000049751243782 0.71
31.40004975124378 0.686
30.600049751243784 0.694
30.000049751243782 0.7
30.70004975124378 0.693
29.500049751243782 0.705
29.70004975124378 0.703
30.000049751243782 0.7
30.100049751243784 0.699
29.600049751243784 0.704
30.300049751243783 0.697
30.000049751243782 0.7
31.70004975124378 0.683
29.800049751243783 0.702
30.800049751243783 0.692
29.600049751243784 0.704
29.000049751243782 0.71
31.000049751243782 0.69
30.20004975124378 0.698
31.000049751243782 0.69
29.40004975124378 0.706
31.20004975124378 0.688
30.40004975124378 0.696
29.800049751243783 0.702
30.300049751243783 0.697
30.70004975124378 0.693
29.90004975124378 0.701
29.600049751243784 0.704
29.90004975124378 0.701
30.100049751243784 0.699
30.20004975124378 0.698
29.40004975124378 0.706
29.70004975124378 0.703
30.100049751243784 0.699
30.70004975124378 0.693
29.70004975124378 0.703
30.300049751243783 0.697
29.90004975124378 0.701
30.000049751243782 0.7
29.800049751243783 0.702
30.100049751243784 0.699
29.300049751243783 0.707
29.500049751243782 0.705
31.100049751243784 0.689
30.000049751243782 0.7
29.90004975124378 0.701
29.800049751243783 0.702
30.000049751243782 0.7
30.70004975124378 0.693
29.800049751243783 0.702
30.100049751243784 0.699
30.20004975124378 0.698
29.800049751243783 0.702
30.90004975124378 0.691
29.90004975124378 0.701
29.40004975124378 0.706
29.70004975124378 0.703
29.70004975124378 0.703
30.000049751243782 0.7
30.70004975124378 0.693
30.40004975124378 0.696
30.300049751243783 0.697
30.100049751243784 0.699
30.100049751243784 0.699
30.500049751243782 0.695
29.800049751243783 0.702
30.600049751243784 0.694
30.100049751243784 0.699
29.600049751243784 0.704
30.40004975124378 0.696
30.000049751243782 0.7
30.40004975124378 0.696
30.000049751243782 0.7
29.70004975124378 0.703
30.100049751243784 0.699
30.100049751243784 0.699
29.40004975124378 0.706
29.600049751243784 0.704
29.90004975124378 0.701
30.000049751243782 0.7
29.70004975124378 0.703
30.20004975124378 0.698
30.100049751243784 0.699
30.20004975124378 0.698
29.300049751243783 0.707
29.90004975124378 0.701
29.70004975124378 0.703
30.40004975124378 0.696
29.70004975124378 0.703
30.70004975124378 0.693
29.300049751243783 0.707

Iteration: 4
30.300049751243783 0.697
30.100049751243784 0.699
30.600049751243784 0.694
30.000049751243782 0.7
30.100049751243784 0.699
30.500049751243782 0.695
30.100049751243784 0.699
30.000049751243782 0.7
30.600049751243784 0.694
31.20004975124378 0.688
31.40004975124378 0.686
30.600049751243784 0.694
30.000049751243782 0.7
30.70004975124378 0.693
29.500049751243782 0.705
29.70004975124378 0.703
30.000049751243782 0.7
30.100049751243784 0.699
29.600049751243784 0.704
30.300049751243783 0.697
30.000049751243782 0.7
31.70004975124378 0.683
29.800049751243783 0.702
30.800049751243783 0.692
29.600049751243784 0.704
29.000049751243782 0.71
31.000049751243782 0.69
30.20004975124378 0.698
31.000049751243782 0.69
29.40004975124378 0.706
31.20004975124378 0.688
30.40004975124378 0.696
29.800049751243783 0.702
30.300049751243783 0.697
30.70004975124378 0.693
29.90004975124378 0.701
29.600049751243784 0.704
29.90004975124378 0.701
30.100049751243784 0.699
30.20004975124378 0.698
29.40004975124378 0.706
29.70004975124378 0.703
30.100049751243784 0.699
30.70004975124378 0.693
29.70004975124378 0.703
30.300049751243783 0.697
29.90004975124378 0.701
30.000049751243782 0.7
29.800049751243783 0.702
30.100049751243784 0.699
29.300049751243783 0.707
29.500049751243782 0.705
31.100049751243784 0.689
30.000049751243782 0.7
29.90004975124378 0.701
29.800049751243783 0.702
30.000049751243782 0.7
30.70004975124378 0.693
29.800049751243783 0.702
30.100049751243784 0.699
30.20004975124378 0.698
29.800049751243783 0.702
30.90004975124378 0.691
29.90004975124378 0.701
29.40004975124378 0.706
29.70004975124378 0.703
29.70004975124378 0.703
30.000049751243782 0.7
30.70004975124378 0.693
30.40004975124378 0.696
30.300049751243783 0.697
30.100049751243784 0.699
30.100049751243784 0.699
30.500049751243782 0.695
29.800049751243783 0.702
30.600049751243784 0.694
30.100049751243784 0.699
29.600049751243784 0.704
30.40004975124378 0.696
30.000049751243782 0.7
30.40004975124378 0.696
30.000049751243782 0.7
29.70004975124378 0.703
30.100049751243784 0.699
30.100049751243784 0.699
29.40004975124378 0.706
29.600049751243784 0.704
29.90004975124378 0.701
30.000049751243782 0.7
29.70004975124378 0.703
30.20004975124378 0.698
30.100049751243784 0.699
30.20004975124378 0.698
29.300049751243783 0.707
29.90004975124378 0.701
29.70004975124378 0.703
30.40004975124378 0.696
29.70004975124378 0.703
30.70004975124378 0.693
29.300049751243783 0.707

Iteration: 5
30.300049751243783 0.697
30.100049751243784 0.699
30.600049751243784 0.694
30.000049751243782 0.7
30.100049751243784 0.699
30.500049751243782 0.695
30.100049751243784 0.699
30.000049751243782 0.7
30.600049751243784 0.694
31.20004975124378 0.688
31.40004975124378 0.686
30.600049751243784 0.694
30.000049751243782 0.7
30.70004975124378 0.693
29.500049751243782 0.705
29.70004975124378 0.703
30.000049751243782 0.7
30.100049751243784 0.699
29.600049751243784 0.704
30.300049751243783 0.697
30.000049751243782 0.7
31.70004975124378 0.683
29.800049751243783 0.702
30.800049751243783 0.692
29.600049751243784 0.704
31.100049751243784 0.689
31.000049751243782 0.69
30.20004975124378 0.698
31.000049751243782 0.69
29.40004975124378 0.706
31.20004975124378 0.688
30.40004975124378 0.696
29.800049751243783 0.702
30.300049751243783 0.697
30.70004975124378 0.693
29.90004975124378 0.701
29.600049751243784 0.704
29.90004975124378 0.701
30.100049751243784 0.699
30.20004975124378 0.698
29.40004975124378 0.706
29.70004975124378 0.703
30.100049751243784 0.699
30.70004975124378 0.693
29.70004975124378 0.703
30.300049751243783 0.697
29.90004975124378 0.701
30.000049751243782 0.7
29.800049751243783 0.702
30.100049751243784 0.699
29.300049751243783 0.707
29.500049751243782 0.705
31.100049751243784 0.689
30.000049751243782 0.7
29.90004975124378 0.701
29.800049751243783 0.702
30.000049751243782 0.7
30.70004975124378 0.693
29.800049751243783 0.702
30.100049751243784 0.699
30.20004975124378 0.698
29.800049751243783 0.702
30.90004975124378 0.691
29.90004975124378 0.701
29.40004975124378 0.706
29.70004975124378 0.703
29.70004975124378 0.703
30.000049751243782 0.7
30.70004975124378 0.693
30.40004975124378 0.696
30.300049751243783 0.697
30.100049751243784 0.699
30.100049751243784 0.699
30.500049751243782 0.695
29.800049751243783 0.702
30.600049751243784 0.694
30.100049751243784 0.699
29.600049751243784 0.704
30.40004975124378 0.696
30.000049751243782 0.7
30.40004975124378 0.696
30.000049751243782 0.7
29.70004975124378 0.703
30.100049751243784 0.699
30.100049751243784 0.699
29.40004975124378 0.706
29.600049751243784 0.704
29.90004975124378 0.701
30.000049751243782 0.7
29.70004975124378 0.703
30.20004975124378 0.698
30.100049751243784 0.699
30.20004975124378 0.698
29.300049751243783 0.707
29.90004975124378 0.701
29.70004975124378 0.703
30.40004975124378 0.696
29.70004975124378 0.703
30.70004975124378 0.693
29.300049751243783 0.707

Iteration: 6
30.300049751243783 0.697
30.100049751243784 0.699
30.600049751243784 0.694
30.000049751243782 0.7
30.100049751243784 0.699
30.500049751243782 0.695
30.100049751243784 0.699
30.000049751243782 0.7
30.600049751243784 0.694
31.20004975124378 0.688
31.40004975124378 0.686
30.600049751243784 0.694
30.000049751243782 0.7
30.70004975124378 0.693
29.500049751243782 0.705
29.70004975124378 0.703
30.000049751243782 0.7
30.100049751243784 0.699
29.600049751243784 0.704
30.300049751243783 0.697
30.000049751243782 0.7
31.70004975124378 0.683
29.800049751243783 0.702
30.800049751243783 0.692
29.600049751243784 0.704
31.100049751243784 0.689
31.000049751243782 0.69
30.20004975124378 0.698
31.000049751243782 0.69
29.40004975124378 0.706
31.20004975124378 0.688
30.40004975124378 0.696
29.800049751243783 0.702
30.300049751243783 0.697
30.70004975124378 0.693
29.90004975124378 0.701
29.600049751243784 0.704
29.90004975124378 0.701
30.100049751243784 0.699
30.20004975124378 0.698
29.40004975124378 0.706
29.70004975124378 0.703
30.100049751243784 0.699
30.70004975124378 0.693
29.70004975124378 0.703
30.300049751243783 0.697
29.90004975124378 0.701
30.000049751243782 0.7
29.800049751243783 0.702
30.100049751243784 0.699
30.500049751243782 0.695
29.500049751243782 0.705
31.100049751243784 0.689
30.000049751243782 0.7
29.90004975124378 0.701
29.800049751243783 0.702
30.000049751243782 0.7
30.70004975124378 0.693
29.800049751243783 0.702
30.100049751243784 0.699
30.20004975124378 0.698
29.800049751243783 0.702
30.90004975124378 0.691
29.90004975124378 0.701
29.40004975124378 0.706
29.70004975124378 0.703
29.70004975124378 0.703
30.000049751243782 0.7
30.70004975124378 0.693
30.40004975124378 0.696
30.300049751243783 0.697
30.100049751243784 0.699
30.100049751243784 0.699
30.500049751243782 0.695
29.800049751243783 0.702
30.600049751243784 0.694
30.100049751243784 0.699
29.600049751243784 0.704
30.40004975124378 0.696
30.000049751243782 0.7
30.40004975124378 0.696
30.000049751243782 0.7
29.70004975124378 0.703
30.100049751243784 0.699
30.100049751243784 0.699
29.40004975124378 0.706
29.600049751243784 0.704
29.90004975124378 0.701
30.000049751243782 0.7
29.70004975124378 0.703
30.20004975124378 0.698
30.100049751243784 0.699
30.20004975124378 0.698
29.300049751243783 0.707
29.90004975124378 0.701
29.70004975124378 0.703
30.40004975124378 0.696
29.70004975124378 0.703
30.70004975124378 0.693
29.300049751243783 0.707

Iteration: 7
30.300049751243783 0.697
30.100049751243784 0.699
30.600049751243784 0.694
30.000049751243782 0.7
30.100049751243784 0.699
30.500049751243782 0.695
30.100049751243784 0.699
30.000049751243782 0.7
30.600049751243784 0.694
31.20004975124378 0.688
31.40004975124378 0.686
30.600049751243784 0.694
30.000049751243782 0.7
30.70004975124378 0.693
29.500049751243782 0.705
29.70004975124378 0.703
30.000049751243782 0.7
30.100049751243784 0.699
29.600049751243784 0.704
30.300049751243783 0.697
30.000049751243782 0.7
31.70004975124378 0.683
29.800049751243783 0.702
30.800049751243783 0.692
29.600049751243784 0.704
31.100049751243784 0.689
31.000049751243782 0.69
30.20004975124378 0.698
31.000049751243782 0.69
29.40004975124378 0.706
31.20004975124378 0.688
30.40004975124378 0.696
29.800049751243783 0.702
30.300049751243783 0.697
30.70004975124378 0.693
29.90004975124378 0.701
29.600049751243784 0.704
29.90004975124378 0.701
30.100049751243784 0.699
30.20004975124378 0.698
29.40004975124378 0.706
29.70004975124378 0.703
30.100049751243784 0.699
30.70004975124378 0.693
29.70004975124378 0.703
30.300049751243783 0.697
29.90004975124378 0.701
30.000049751243782 0.7
29.800049751243783 0.702
30.100049751243784 0.699
30.500049751243782 0.695
29.500049751243782 0.705
31.100049751243784 0.689
30.000049751243782 0.7
29.90004975124378 0.701
29.800049751243783 0.702
30.000049751243782 0.7
30.70004975124378 0.693
29.800049751243783 0.702
30.100049751243784 0.699
30.20004975124378 0.698
29.800049751243783 0.702
30.90004975124378 0.691
29.90004975124378 0.701
29.40004975124378 0.706
29.70004975124378 0.703
29.70004975124378 0.703
30.000049751243782 0.7
30.70004975124378 0.693
30.40004975124378 0.696
30.300049751243783 0.697
30.100049751243784 0.699
30.100049751243784 0.699
30.500049751243782 0.695
29.800049751243783 0.702
30.600049751243784 0.694
30.100049751243784 0.699
29.600049751243784 0.704
30.40004975124378 0.696
30.000049751243782 0.7
30.40004975124378 0.696
30.000049751243782 0.7
29.70004975124378 0.703
30.100049751243784 0.699
30.100049751243784 0.699
29.40004975124378 0.706
29.600049751243784 0.704
29.90004975124378 0.701
30.000049751243782 0.7
29.70004975124378 0.703
30.20004975124378 0.698
30.100049751243784 0.699
30.20004975124378 0.698
30.300049751243783 0.697
29.90004975124378 0.701
29.70004975124378 0.703
30.40004975124378 0.696
29.70004975124378 0.703
30.70004975124378 0.693
29.300049751243783 0.707

Iteration: 8
30.300049751243783 0.697
30.100049751243784 0.699
30.600049751243784 0.694
30.000049751243782 0.7
30.100049751243784 0.699
30.500049751243782 0.695
30.100049751243784 0.699
30.000049751243782 0.7
30.600049751243784 0.694
31.20004975124378 0.688
31.40004975124378 0.686
30.600049751243784 0.694
30.000049751243782 0.7
30.70004975124378 0.693
29.500049751243782 0.705
29.70004975124378 0.703
30.000049751243782 0.7
30.100049751243784 0.699
29.600049751243784 0.704
30.300049751243783 0.697
30.000049751243782 0.7
31.70004975124378 0.683
29.800049751243783 0.702
30.800049751243783 0.692
29.600049751243784 0.704
31.100049751243784 0.689
31.000049751243782 0.69
30.20004975124378 0.698
31.000049751243782 0.69
29.40004975124378 0.706
31.20004975124378 0.688
30.40004975124378 0.696
29.800049751243783 0.702
30.300049751243783 0.697
30.70004975124378 0.693
29.90004975124378 0.701
29.600049751243784 0.704
29.90004975124378 0.701
30.100049751243784 0.699
30.20004975124378 0.698
29.40004975124378 0.706
29.70004975124378 0.703
30.100049751243784 0.699
30.70004975124378 0.693
29.70004975124378 0.703
30.300049751243783 0.697
29.90004975124378 0.701
30.000049751243782 0.7
29.800049751243783 0.702
30.100049751243784 0.699
30.500049751243782 0.695
29.500049751243782 0.705
31.100049751243784 0.689
30.000049751243782 0.7
29.90004975124378 0.701
29.800049751243783 0.702
30.000049751243782 0.7
30.70004975124378 0.693
29.800049751243783 0.702
30.100049751243784 0.699
30.20004975124378 0.698
29.800049751243783 0.702
30.90004975124378 0.691
29.90004975124378 0.701
29.40004975124378 0.706
29.70004975124378 0.703
29.70004975124378 0.703
30.000049751243782 0.7
30.70004975124378 0.693
30.40004975124378 0.696
30.300049751243783 0.697
30.100049751243784 0.699
30.100049751243784 0.699
30.500049751243782 0.695
29.800049751243783 0.702
30.600049751243784 0.694
30.100049751243784 0.699
29.600049751243784 0.704
30.40004975124378 0.696
30.000049751243782 0.7
30.40004975124378 0.696
30.000049751243782 0.7
29.70004975124378 0.703
30.100049751243784 0.699
30.100049751243784 0.699
29.40004975124378 0.706
29.600049751243784 0.704
29.90004975124378 0.701
30.000049751243782 0.7
29.70004975124378 0.703
30.20004975124378 0.698
30.100049751243784 0.699
30.20004975124378 0.698
30.300049751243783 0.697
29.90004975124378 0.701
29.70004975124378 0.703
30.40004975124378 0.696
29.70004975124378 0.703
30.70004975124378 0.693
29.90004975124378 0.701

Iteration: 9
30.300049751243783 0.697
30.100049751243784 0.699
30.600049751243784 0.694
30.000049751243782 0.7
30.100049751243784 0.699
30.500049751243782 0.695
30.100049751243784 0.699
30.000049751243782 0.7
30.600049751243784 0.694
31.20004975124378 0.688
31.40004975124378 0.686
30.600049751243784 0.694
30.000049751243782 0.7
30.70004975124378 0.693
29.500049751243782 0.705
29.70004975124378 0.703
30.000049751243782 0.7
30.100049751243784 0.699
29.600049751243784 0.704
30.300049751243783 0.697
30.000049751243782 0.7
31.70004975124378 0.683
29.800049751243783 0.702
30.800049751243783 0.692
29.600049751243784 0.704
31.100049751243784 0.689
31.000049751243782 0.69
30.20004975124378 0.698
31.000049751243782 0.69
31.100049751243784 0.689
31.20004975124378 0.688
30.40004975124378 0.696
29.800049751243783 0.702
30.300049751243783 0.697
30.70004975124378 0.693
29.90004975124378 0.701
29.600049751243784 0.704
29.90004975124378 0.701
30.100049751243784 0.699
30.20004975124378 0.698
29.40004975124378 0.706
29.70004975124378 0.703
30.100049751243784 0.699
30.70004975124378 0.693
29.70004975124378 0.703
30.300049751243783 0.697
29.90004975124378 0.701
30.000049751243782 0.7
29.800049751243783 0.702
30.100049751243784 0.699
30.500049751243782 0.695
29.500049751243782 0.705
31.100049751243784 0.689
30.000049751243782 0.7
29.90004975124378 0.701
29.800049751243783 0.702
30.000049751243782 0.7
30.70004975124378 0.693
29.800049751243783 0.702
30.100049751243784 0.699
30.20004975124378 0.698
29.800049751243783 0.702
30.90004975124378 0.691
29.90004975124378 0.701
29.40004975124378 0.706
29.70004975124378 0.703
29.70004975124378 0.703
30.000049751243782 0.7
30.70004975124378 0.693
30.40004975124378 0.696
30.300049751243783 0.697
30.100049751243784 0.699
30.100049751243784 0.699
30.500049751243782 0.695
29.800049751243783 0.702
30.600049751243784 0.694
30.100049751243784 0.699
29.600049751243784 0.704
30.40004975124378 0.696
30.000049751243782 0.7
30.40004975124378 0.696
30.000049751243782 0.7
29.70004975124378 0.703
30.100049751243784 0.699
30.100049751243784 0.699
29.40004975124378 0.706
29.600049751243784 0.704
29.90004975124378 0.701
30.000049751243782 0.7
29.70004975124378 0.703
30.20004975124378 0.698
30.100049751243784 0.699
30.20004975124378 0.698
30.300049751243783 0.697
29.90004975124378 0.701
29.70004975124378 0.703
30.40004975124378 0.696
29.70004975124378 0.703
30.70004975124378 0.693
29.90004975124378 0.701

Iteration: 10
30.300049751243783 0.697
30.100049751243784 0.699
30.600049751243784 0.694
30.000049751243782 0.7
30.100049751243784 0.699
30.500049751243782 0.695
30.100049751243784 0.699
30.000049751243782 0.7
30.600049751243784 0.694
31.20004975124378 0.688
31.40004975124378 0.686
30.600049751243784 0.694
30.000049751243782 0.7
30.70004975124378 0.693
29.500049751243782 0.705
29.70004975124378 0.703
30.000049751243782 0.7
30.100049751243784 0.699
29.600049751243784 0.704
30.300049751243783 0.697
30.000049751243782 0.7
31.70004975124378 0.683
29.800049751243783 0.702
30.800049751243783 0.692
29.600049751243784 0.704
31.100049751243784 0.689
31.000049751243782 0.69
30.20004975124378 0.698
31.000049751243782 0.69
31.100049751243784 0.689
31.20004975124378 0.688
30.40004975124378 0.696
29.800049751243783 0.702
30.300049751243783 0.697
30.70004975124378 0.693
29.90004975124378 0.701
29.600049751243784 0.704
29.90004975124378 0.701
30.100049751243784 0.699
30.20004975124378 0.698
29.20004975124378 0.708
29.70004975124378 0.703
30.100049751243784 0.699
30.70004975124378 0.693
29.70004975124378 0.703
30.300049751243783 0.697
29.90004975124378 0.701
30.000049751243782 0.7
29.800049751243783 0.702
30.100049751243784 0.699
30.500049751243782 0.695
29.500049751243782 0.705
31.100049751243784 0.689
30.000049751243782 0.7
29.90004975124378 0.701
29.800049751243783 0.702
30.000049751243782 0.7
30.70004975124378 0.693
29.800049751243783 0.702
30.100049751243784 0.699
30.20004975124378 0.698
29.800049751243783 0.702
30.90004975124378 0.691
29.90004975124378 0.701
29.40004975124378 0.706
29.70004975124378 0.703
29.70004975124378 0.703
30.000049751243782 0.7
30.70004975124378 0.693
30.40004975124378 0.696
30.300049751243783 0.697
30.100049751243784 0.699
30.100049751243784 0.699
30.500049751243782 0.695
29.800049751243783 0.702
30.600049751243784 0.694
30.100049751243784 0.699
29.600049751243784 0.704
30.40004975124378 0.696
30.000049751243782 0.7
30.40004975124378 0.696
30.000049751243782 0.7
29.70004975124378 0.703
30.100049751243784 0.699
30.100049751243784 0.699
29.40004975124378 0.706
29.600049751243784 0.704
29.90004975124378 0.701
30.000049751243782 0.7
29.70004975124378 0.703
30.20004975124378 0.698
30.100049751243784 0.699
30.20004975124378 0.698
30.300049751243783 0.697
29.90004975124378 0.701
29.70004975124378 0.703
30.40004975124378 0.696
29.70004975124378 0.703
30.70004975124378 0.693
29.90004975124378 0.701

