======================
Dataset: Citeseer()
Data type:
Number of graphs: 1
Number of features: 3703
Number of classes: 6
======================
Data type of data graph object: 
<class 'torch_geometric.data.data.Data'>
Data(x=[3327, 3703], edge_index=[2, 9104], y=[3327], train_mask=[3327], val_mask=[3327], test_mask=[3327])
GCN(
  (conv1): GCNConv(3703, 16)
  (conv2): GCNConv(16, 6)
)
Test Accuracy: 0.7020

Hitlist:  [250]
[8035, 2297, 3017, 1834, 5705, 5706, 5752, 308, 2293, 2292, 2294, 2296, 729, 4341, 2295, 730]
[8034, 5751, 3016, 5704, 1834, 5705, 308, 2293, 2292, 2294, 2296, 729, 4340, 2295, 730]
[8033, 3015, 5703, 5704, 1834, 4339, 308, 2293, 2292, 2294, 5750, 729, 730, 2295]
[8032, 3014, 5702, 5703, 1833, 4338, 2291, 2292, 2293, 2294, 5749, 728, 729]
[3014, 5702, 1833, 4338, 2291, 2292, 2293, 2294, 5748, 728, 729, 8031]
[3014, 5702, 1833, 4338, 2291, 2292, 2293, 2294, 728, 729, 8030]
[3013, 5701, 4337, 2290, 2291, 2292, 2293, 728, 729, 8029]
[5700, 4336, 2290, 2291, 2292, 2293, 728, 729, 8028]
[5699, 4335, 2290, 2291, 2292, 728, 729, 8027]
[5698, 4334, 2290, 2291, 728, 729, 8026]
[5697, 4333, 2290, 729, 728, 8025]
Subtracting edges done
Test Accuracy: 0.7010
Hamming distance: 16
Edges removed:  67






